ID   Name   Amount   Shelf#   Position
01     A      30       1       (2,3)
02     B      15       1       (2,3)
03     C      25       2       (2,4) 
04     D      15       2       (2,4)
05     F      0        3       (2,5)
06     G      10       3       (2,5)
07     H      50       4       (2,6)
08     I      45       5       (2,7)
09     J      20       6       (2,8)
10     K      5        6       (2,8)
11     L      30       7       (3,3)
12     M      15       7       (3,3)
13     N      25       8       (3,4)
14     O      10       8       (3,4)
15     P      40       9       (3,5)
16     Q      0        9       (3,5)
17     R      5        10      (3,6)
18     S      15       10      (3,6)
19     T      30       11      (3,7)
20     U      45       12      (3,8)
21     W      5        13      (5,3)
22     X      20       14      (5,4)
23     Y      35       15      (5,5)